-1.5    0.0
0.5    0.5
-0.5    0.0
1.0    0.375
-1.0    0.0
1.5    0.125
1.0    0.25
0.5    0.375
0.0    0.0
-1.0    0.125
1.5    0.375
-1.0    0.0
-0.5    0.25
0.0    0.0
-1.0    0.125
-0.5    0.125
-1.5    0.125
0.0    0.25
1.0    0.25
0.5    0.125
0.5    0.25
-1.0    0.0
1.0    0.0
-0.5    0.0
-1.0    0.0
1.0    0.25
-1.0    0.125
-1.0    0.125
-0.5    0.375
0.5    0.0
1.0    0.0
0.0    0.25
-0.5    0.0
1.5    0.5
-1.5    0.0
0.5    0.0
0.5    0.375
0.0    0.25
0.5    0.125
-0.5    0.125
0.5    0.5
-1.5    0.125
0.5    0.0
-1.0    0.25
0.0    0.25
-0.5    0.0
-0.5    0.125
-1.5    0.0
0.5    0.0
-1.0    0.25
-1.5    0.0
-1.0    0.125
0.5    0.0
0.5    0.25
0.5    0.25
1.5    0.625
-1.0    0.0
-0.5    0.125
0.0    0.125
1.0    0.125
-0.5    0.125
-1.5    0.0
1.5    0.25
0.0    0.25
2.0    0.625
0.5    0.375
-0.5    0.0
0.0    0.25
1.5    0.25
-1.0    0.125
0.5    0.125
-1.0    0.0
0.0    0.0
0.0    0.0
1.5    0.5
0.5    0.125
-1.0    0.0
-1.0    0.125
-1.5    0.125
-0.5    0.0
0.0    0.125
-1.5    0.125
0.5    0.25
-0.5    0.25
-1.5    0.125
-0.5    0.375
0.5    0.375
-1.0    0.0
-1.0    0.125
-1.0    0.0
1.5    0.5
-1.0    0.0
1.0    0.0
1.0    0.375
-0.5    0.0
-0.5    0.25
0.5    0.0
-0.5    0.125
-0.5    0.0
-0.5    0.25
-1.0    0.0
0.0    0.0
-0.5    0.125
1.0    0.5
0.5    0.0
1.5    0.375
-0.5    0.375
-1.5    0.125
-1.0    0.25
-0.5    0.0
0.0    0.25
1.5    0.375
2.0    0.0
1.0    0.5
1.0    0.125
1.5    0.5
0.5    0.25
0.0    0.125
0.5    0.375
0.0    0.125
3.0    0.625
0.0    0.25
1.0    0.5
1.0    0.25
0.5    0.125
-0.5    0.125
-1.0    0.0
-1.0    0.0
-1.0    0.0
2.0    0.625
0.0    0.125
-0.5    0.0
-1.5    0.0
0.5    0.0
-1.0    0.0
0.5    0.5
-0.5    0.25
1.0    0.375
0.0    0.125
-0.5    0.0
-1.0    0.125
1.5    0.5
0.0    0.25
-0.5    0.0
-1.0    0.0
0.0    0.5
0.5    0.0
0.0    0.25
-0.5    0.0
-1.0    0.0
-0.5    0.25
0.5    0.375
1.0    0.375
-0.5    0.375
1.0    0.25
0.5    0.125
-0.5    0.25
1.5    0.625
-2.0    0.0
2.0    0.375
-0.5    0.25
1.0    0.5
-0.5    0.125
-0.5    0.375
-0.5    0.25
1.5    0.25
0.0    0.125
1.0    0.5
-0.5    0.0
-0.5    0.125
0.0    0.0
2.5    0.5
0.5    0.125
-1.0    0.125
-1.0    0.125
-0.5    0.125
0.0    0.0
0.0    0.125
0.0    0.25
-0.5    0.125
-0.5    0.0
0.0    0.125
0.5    0.125
0.5    0.25
0.0    0.0
0.0    0.0
0.0    0.125
0.0    0.25
-0.5    0.125
-1.5    0.0
-0.5    0.125
3.5    0.75
-1.5    0.125
0.0    0.0
0.0    0.375
-0.5    0.0
0.5    0.125
0.5    0.375
2.0    0.5
1.5    0.625
-1.5    0.0
-1.5    0.0
-1.0    0.25
-0.5    0.0
0.0    0.125
-0.5    0.125
1.0    0.375
-0.5    0.0
-1.0    0.125
2.5    0.625
1.0    0.25
-1.0    0.25
0.0    0.125
-0.5    0.25
-1.0    0.25
-0.5    0.25
0.5    0.25
0.0    0.375
-0.5    0.125
0.5    0.25
-0.5    0.125
1.0    0.125
0.5    0.125
1.0    0.125
-2.0    0.0
0.5    0.125
-0.5    0.25
-1.5    0.0
0.5    0.375
-1.0    0.25
1.5    0.375
0.0    0.5
-1.0    0.25
-0.5    0.125
-1.0    0.125
-1.0    0.0
1.0    0.0
-2.0    0.0
-1.5    0.0
2.0    0.5
0.0    0.25
1.0    0.5
0.5    0.0
0.0    0.375
1.5    0.125
3.0    0.75
1.0    0.0
0.0    0.0
-1.0    0.25
-0.5    0.0
0.5    0.375
3.0    0.75
0.0    0.375
2.5    0.625
-1.0    0.0
1.0    0.5
-1.0    0.0
-1.5    0.25
1.0    0.0
-0.5    0.0
0.5    0.375
-1.5    0.125
0.5    0.25
0.0    0.0
-1.0    0.0
-1.0    0.25
-1.5    0.125
1.0    0.0
1.5    0.25
-1.0    0.0
-0.5    0.125
-1.0    0.0
0.0    0.125
-1.0    0.0
-1.5    0.125
0.5    0.0
1.0    0.375
0.5    0.125
-1.0    0.125
-0.5    0.375
-0.5    0.25
4.5    0.875
-0.5    0.25
-0.5    0.0
0.0    0.375
1.0    0.25
0.0    0.0
0.5    0.375
-0.5    0.125
-0.5    0.0
-0.5    0.25
-0.5    0.125
-1.0    0.125
1.0    0.125
0.0    0.375
0.5    0.25
1.0    0.0
0.0    0.0
1.0    0.0
0.0    0.125
-0.5    0.25
1.5    0.5
-0.5    0.125
-1.0    0.25
0.0    0.125
0.5    0.125
0.0    0.25
0.0    0.0
0.0    0.25
1.0    0.25
0.0    0.375
