-1.11111111111    0.666666666667    -1.11111111111    -2.22222222222    6.0    1.11111111111    0.111111111111
-0.222222222222    -2.0    -0.222222222222    -0.444444444444    6.0    -1.55555555556    0.111111111111
-2.0    6.0    -0.666666666667    -2.66666666667    2.0    -1.33333333333    0.333333333333
-0.222222222222    0.666666666667    -0.222222222222    -0.444444444444    6.0    0.666666666667    0.333333333333
-2.0    3.33333333333    -2.0    -4.0    6.0    2.88888888889    0.111111111111
0.666666666667    -2.0    0.666666666667    1.33333333333    6.0    -0.666666666667    0.333333333333
3.33333333333    3.33333333333    3.33333333333    6.66666666667    6.0    2.88888888889    0.777777777778
-0.222222222222    -2.0    -0.222222222222    -0.444444444444    6.0    -2.44444444444    0.111111111111
1.55555555556    0.666666666667    1.55555555556    2.22222222222    6.0    1.11111111111    0.555555555556
0.666666666667    3.33333333333    0.666666666667    1.33333333333    6.0    2.88888888889    0.555555555556
-1.11111111111    0.666666666667    -1.11111111111    -2.22222222222    6.0    -0.666666666667    -0.111111111111
-0.222222222222    -2.0    -0.222222222222    -0.444444444444    6.0    -2.88888888889    -0.111111111111
0.666666666667    -2.0    0.0    4.0    -0.666666666667    -1.33333333333    0.333333333333
-2.0    3.33333333333    -2.0    -4.0    6.0    2.88888888889    -0.111111111111
-0.222222222222    -2.0    -0.222222222222    -1.33333333333    6.0    -0.666666666667    -0.111111111111
